image_width: 4096
image_height: 2160
camera_name: left_camera
camera_matrix:
  rows: 3
  cols: 3
  data: [3677.671686, 0.000000, 2024.142284, 0.000000, 3656.299829, 1038.035986, 0.000000, 0.000000, 1.000000]
distortion_model: plumb_bob
distortion_coefficients:
  rows: 1
  cols: 5
  data: [-0.204680511, 0.156179453, -0.000465598, -0.000962130, 0.000000000]
rectification_matrix:
  rows: 3
  cols: 3
  data: [1.000000, 0.000000, 0.000000, 0.000000, 1.000000, 0.000000, 0.000000, 0.000000, 1.000000]
projection_matrix:
  rows: 3
  cols: 4
  data: [1.0, 0.0, 0.0, 0.0, 0.0, 1.0, 0.0, 0.0, 0.0, 0.0, 1.0, 0.0]
