image_width: 4096
image_height: 2160
camera_name: right_camera
camera_matrix:
  rows: 3
  cols: 3
  data: [3679.883927, 0.000000, 2084.733134, 0.000000, 3660.829448, 1081.620735, 0.000000, 0.000000, 1.000000]
distortion_model: plumb_bob
distortion_coefficients:
  rows: 1
  cols: 5
  data: [-0.209355445, 0.167619648, -0.000852074, -0.000004424, 0.000000000]
rectification_matrix:
  rows: 3
  cols: 3
  data: [1.000000, 0.000000, 0.000000, 0.000000, 1.000000, 0.000000, 0.000000, 0.000000, 1.000000]
projection_matrix:
  rows: 3
  cols: 4
  data: [1.0, 0.0, 0.0, 0.0, 0.0, 1.0, 0.0, 0.0, 0.0, 0.0, 1.0, 0.0]
